fullSamp_500 22.400 0.490 22.000 23.000 5
colvarWidth_2 88.400 1.356 86.000 90.000 5
extDamp_0.1 21.000 0.000 21.000 21.000 5
extFluc_0.5 27.000 1.265 26.000 29.000 5
extTime_10 18.600 0.490 18.000 19.000 5
fullSamp_50 7.200 0.400 7.000 8.000 5
MTDheight_0.05 27.200 0.748 26.000 28.000 5
MTDnewhill_50 8.200 0.400 8.000 9.000 5
MTDtemp_100 32.000 0.632 31.000 33.000 5
MTDwidth_0.5 35.800 1.720 33.000 38.000 5
extFluc_1 23.800 0.748 23.000 25.000 5
extDamp_1 22.200 0.748 21.000 23.000 5
extTime_100 21.800 0.400 21.000 22.000 5
fullSamp_100 9.000 0.000 9.000 9.000 5
MTDheight_0.1 22.200 0.400 22.000 23.000 5
MTDtemp_500 24.400 0.490 24.000 25.000 5
MTDwidth_1 31.600 1.497 29.000 33.000 5
colvarWidth_5 22.400 0.490 22.000 23.000 5
MTDnewhill_100 9.800 0.400 9.000 10.000 5
extFluc_2 22.600 0.490 22.000 23.000 5
extTime_200 22.000 0.632 21.000 23.000 5
extDamp_3 21.800 1.166 21.000 24.000 5
MTDheight_0.5 12.400 0.490 12.000 13.000 5
MTDtemp_1000 22.800 0.400 22.000 23.000 5
MTDwidth_2 21.800 0.748 21.000 23.000 5
MTDnewhill_500 17.400 0.490 17.000 18.000 5
colvarWidth_10 8.200 0.400 8.000 9.000 5
extFluc_3 21.200 0.400 21.000 22.000 5
fullSamp_1000 29.400 0.490 29.000 30.000 5
extTime_350 21.800 0.400 21.000 22.000 5
extDamp_5 22.200 0.400 22.000 23.000 5
MTDheight_1.0 10.000 0.000 10.000 10.000 5
MTDtemp_3000 21.800 0.400 21.000 22.000 5
MTDwidth_3 16.800 0.400 16.000 17.000 5
colvarWidth_15 6.200 0.400 6.000 7.000 5
MTDnewhill_1000 21.800 0.400 21.000 22.000 5
fullSamp_2000 39.400 0.490 39.000 40.000 5
extFluc_4 21.000 0.000 21.000 21.000 5
extDamp_7 21.600 0.490 21.000 22.000 5
extTime_500 22.600 0.800 22.000 24.000 5
MTDheight_2.0 8.000 0.000 8.000 8.000 5
MTDwidth_5 12.000 0.000 12.000 12.000 5
MTDtemp_6000 21.800 0.748 21.000 23.000 5
colvarWidth_20 10.800 4.792 7.000 20.000 5
MTDnewhill_2000 27.600 0.800 27.000 29.000 5
fullSamp_5000 57.400 0.490 57.000 58.000 5
extDamp_10 22.400 0.490 22.000 23.000 5
extTime_1000 22.800 1.720 20.000 25.000 5
MTDheight_4.0 7.000 0.632 6.000 8.000 5
MTDwidth_10 9.000 0.000 9.000 9.000 5
MTDtemp_10000 21.600 0.490 21.000 22.000 5
MTDnewhill_4000 31.600 0.800 31.000 33.000 5
extFluc_5 21.200 0.400 21.000 22.000 5
