extTime_50 137.333 53.705 3
extDamp_0.10 92.000 8.000 2
extTime_20 89.500 39.859 4
colvarWidth_0.01 93.000 29.749 4
extDamp_0.05 107.800 25.972 5
extFluc_0.01 158.000 0.000 1
extTime_10 119.750 55.360 4
fullSamp_50 96.250 42.903 4
MTDheight_0.005 109.667 18.838 3
MTDnewhill_500 65.000 8.524 3
MTDtemp_500 95.500 2.500 2
extFluc_0.05 115.000 33.823 4
MTDtemp_1000 127.500 60.500 2
fullSamp_100 117.000 56.409 3
MTDheight_0.010 87.000 32.000 2
MTDnewhill_700 80.000 30.455 4
colvarWidth_0.05 64.250 25.371 4
extDamp_0.20 179.000 18.000 2
extTime_30 89.000 28.331 3
extFluc_0.10 119.000 41.358 4
MTDtemp_1500 80.000 21.649 3
MTDheight_0.015 96.250 22.720 4
fullSamp_200 78.500 26.462 4
MTDnewhill_1000 121.000 55.767 4
colvarWidth_0.1 73.250 14.618 4
MTDtemp_2000 71.333 23.697 3
extDamp_0.30 126.333 26.386 3
extFluc_0.15 131.000 42.223 5
MTDheight_0.020 115.000 48.883 4
fullSamp_300 87.000 28.331 3
MTDnewhill_1500 87.333 5.437 3
colvarWidth_0.2 108.000 54.924 3
extTime_100 111.250 59.222 4
extDamp_0.50 52.667 23.977 3
MTDtemp_3000 111.250 56.557 4
extFluc_0.2 121.667 58.551 3
MTDheight_0.030 70.000 0.000 1
fullSamp_500 124.250 52.203 4
MTDnewhill_2000 74.000 10.000 2
extTime_150 77.750 59.129 4
extDamp_0.70 85.333 37.933 3
MTDtemp_4000 65.250 29.676 4
extFluc_0.3 82.333 29.848 3
fullSamp_1000 96.200 47.524 5
MTDheight_0.050 183.000 7.000 2
MTDnewhill_2500 98.333 44.969 3
colvarWidth_0.3 117.750 61.512 4
extTime_200 102.250 62.627 4
extFluc_0.5 63.667 9.568 3
MTDtemp_5000 136.000 37.326 5
extDamp_1.0 76.000 24.487 5
MTDheight_0.100 70.000 29.232 4
fullSamp_2000 122.500 58.191 4
MTDnewhill_3000 70.500 34.975 4
colvarWidth_0.5 113.000 50.524 3
extTime_250 140.000 0.000 1
extFluc_0.7 95.000 0.000 1
extDamp_1.5 96.000 27.577 4
MTDtemp_8000 65.000 35.693 3
fullSamp_3000 108.250 32.135 4
MTDheight_0.200 86.400 42.335 5
colvarWidth_0.7 117.333 50.467 3
extTime_300 121.750 29.676 4
extDamp_2.0 96.600 34.401 5
extFluc_1.0 149.000 0.000 1
MTDtemp_10000 90.000 5.000 2
fullSamp_5000 107.000 29.405 3
MTDheight_0.500 139.750 58.019 4
extDamp_5.0 31.000 0.000 1
extTime_500 109.000 17.536 4
fullSamp_10000 61.333 10.371 3
MTDtemp_15000 89.333 29.556 3
MTDheight_1.00 85.800 47.520 5
MTDwidth_0.7 150.667 27.765 3
MTDwidth_1.0 143.250 9.257 4
MTDwidth_1.5 95.400 49.139 5
MTDwidth_2.0 140.333 51.149 3
MTDwidth_3.0 86.250 18.713 4
MTDwidth_5.0 73.750 41.961 4
