extTime_50 66.000 0.000 1
extDamp_0.10 101.000 9.000 2
extTime_20 98.000 41.529 3
colvarWidth_0.01 114.000 0.000 1
extDamp_0.05 146.500 49.500 2
extTime_10 166.000 0.000 1
fullSamp_50 132.000 33.000 2
MTDheight_0.005 105.000 0.000 1
MTDnewhill_500 89.000 5.000 2
MTDtemp_500 151.000 0.000 1
extFluc_0.05 108.500 46.500 2
MTDtemp_1000 134.000 63.000 2
fullSamp_100 102.000 0.000 1
MTDheight_0.010 129.000 0.000 1
MTDnewhill_700 179.000 0.000 1
colvarWidth_0.05 85.000 1.000 2
extDamp_0.20 168.000 0.000 1
extTime_30 107.000 34.766 3
extFluc_0.10 130.333 33.993 3
MTDtemp_1500 97.667 20.532 3
MTDheight_0.015 117.000 10.000 2
fullSamp_200 120.667 18.117 3
MTDnewhill_1000 138.000 50.000 2
colvarWidth_0.1 97.250 17.782 4
MTDtemp_2000 138.000 48.000 2
extDamp_0.30 146.000 22.000 2
extFluc_0.15 158.333 28.453 3
MTDheight_0.020 146.500 29.500 2
fullSamp_300 140.000 0.000 1
MTDnewhill_1500 130.000 33.000 2
colvarWidth_0.2 79.000 10.000 2
extTime_100 60.000 26.000 2
extDamp_0.50 104.500 18.500 2
MTDtemp_3000 109.333 47.933 3
extFluc_0.2 131.667 54.322 3
fullSamp_500 138.500 43.500 2
extTime_150 110.500 28.500 2
extDamp_0.70 125.333 36.736 3
MTDtemp_4000 103.000 49.423 3
extFluc_0.3 140.000 0.000 1
fullSamp_1000 102.000 0.000 1
MTDnewhill_2500 125.000 14.000 2
colvarWidth_0.3 173.000 0.000 1
extTime_200 91.000 0.000 1
extFluc_0.5 121.333 32.867 3
MTDtemp_5000 149.333 28.429 3
extDamp_1.0 133.667 11.898 3
MTDheight_0.100 125.000 22.989 4
colvarWidth_0.5 134.000 0.000 1
extTime_250 146.000 0.000 1
extFluc_0.7 101.000 0.000 1
extDamp_1.5 118.333 35.141 3
MTDtemp_8000 107.500 41.500 2
fullSamp_3000 136.000 34.000 2
MTDheight_0.200 115.500 31.957 4
colvarWidth_0.7 181.000 0.000 1
extTime_300 115.000 34.000 2
extDamp_2.0 117.000 54.000 2
extFluc_1.0 171.000 0.000 1
MTDtemp_10000 97.000 0.000 1
fullSamp_5000 154.500 1.500 2
MTDheight_0.500 87.000 0.000 1
extTime_500 128.333 42.898 3
fullSamp_10000 60.000 0.000 1
MTDtemp_15000 95.000 0.000 1
MTDheight_1.00 138.000 43.000 2
MTDwidth_0.7 161.000 6.000 2
MTDwidth_1.0 167.333 25.747 3
MTDwidth_1.5 163.250 30.801 4
MTDwidth_2.0 69.000 0.000 1
MTDwidth_3.0 66.000 0.000 1
MTDwidth_5.0 190.000 0.000 1
