extTime_50 39.600 27.193 12.000 90.000 5
extDamp_0.10 34.600 17.072 10.000 57.000 5
extTime_20 39.200 12.073 21.000 55.000 5
colvarWidth_0.01 71.800 6.823 62.000 82.000 5
extDamp_0.05 32.800 8.183 22.000 47.000 5
extFluc_0.01 90.200 39.179 47.000 140.000 5
extTime_10 53.200 24.268 31.000 87.000 5
fullSamp_50 52.600 44.193 17.000 139.000 5
MTDheight_0.005 64.000 29.100 33.000 111.000 5
MTDnewhill_500 35.600 8.616 23.000 49.000 5
MTDtemp_500 20.000 4.290 12.000 23.000 5
extFluc_0.05 43.800 29.192 17.000 98.000 5
MTDtemp_1000 56.000 27.004 19.000 96.000 5
fullSamp_100 51.600 17.625 26.000 73.000 5
MTDheight_0.010 44.000 7.616 30.000 53.000 5
MTDnewhill_700 41.200 16.400 15.000 57.000 5
colvarWidth_0.05 25.800 6.337 14.000 32.000 5
extDamp_0.20 30.000 15.659 8.000 48.000 5
extTime_30 47.400 20.597 31.000 87.000 5
extFluc_0.10 37.600 24.402 18.000 85.000 5
MTDtemp_1500 32.200 17.371 18.000 62.000 5
MTDheight_0.015 33.200 6.274 25.000 41.000 5
fullSamp_200 45.000 35.620 23.000 116.000 5
MTDnewhill_1000 33.600 14.773 11.000 57.000 5
colvarWidth_0.1 43.000 14.765 23.000 69.000 5
MTDtemp_2000 51.000 55.393 12.000 161.000 5
extDamp_0.30 23.800 4.534 18.000 29.000 5
extFluc_0.15 43.000 34.843 17.000 111.000 5
MTDheight_0.020 34.200 26.769 16.000 87.000 5
fullSamp_300 33.800 13.615 13.000 52.000 5
MTDnewhill_1500 28.600 10.892 11.000 45.000 5
colvarWidth_0.2 28.600 5.276 24.000 36.000 5
extTime_100 58.600 64.893 20.000 188.000 5
extDamp_0.50 23.000 7.874 13.000 35.000 5
MTDtemp_3000 77.800 67.015 18.000 187.000 5
extFluc_0.2 40.000 17.855 20.000 72.000 5
MTDheight_0.030 21.200 5.600 13.000 29.000 5
fullSamp_500 31.400 16.057 13.000 54.000 5
MTDnewhill_2000 33.600 12.076 16.000 53.000 5
extTime_150 38.000 42.764 10.000 122.000 5
extDamp_0.70 29.200 6.524 20.000 38.000 5
MTDtemp_4000 38.200 17.634 13.000 68.000 5
extFluc_0.3 35.600 17.862 20.000 69.000 5
fullSamp_1000 49.400 23.415 14.000 81.000 5
MTDheight_0.050 42.800 27.265 12.000 79.000 5
MTDnewhill_2500 44.400 22.826 19.000 81.000 5
colvarWidth_0.3 27.800 9.261 19.000 39.000 5
extTime_200 43.000 47.350 11.000 137.000 5
extFluc_0.5 41.800 25.857 15.000 90.000 5
MTDtemp_5000 45.400 24.072 20.000 83.000 5
extDamp_1.0 46.800 18.862 26.000 81.000 5
MTDheight_0.100 27.600 11.395 15.000 48.000 5
fullSamp_2000 28.400 9.541 21.000 47.000 5
MTDnewhill_3000 24.200 5.492 18.000 33.000 5
colvarWidth_0.5 43.000 10.075 30.000 57.000 4
extTime_250 67.800 38.866 20.000 126.000 5
extFluc_0.7 52.400 30.923 33.000 114.000 5
extDamp_1.5 32.000 11.593 23.000 54.000 5
MTDtemp_8000 34.400 22.276 18.000 78.000 5
fullSamp_3000 46.800 21.339 27.000 85.000 5
MTDheight_0.200 27.800 10.419 15.000 46.000 5
MTDwidth_0.3 81.000 0.000 81.000 81.000 1
colvarWidth_0.7 41.800 24.244 23.000 86.000 5
extTime_300 27.400 14.786 9.000 51.000 5
extDamp_2.0 48.800 23.490 26.000 85.000 5
MTDwidth_0.5 96.500 77.500 19.000 174.000 2
extFluc_1.0 55.200 27.447 15.000 96.000 5
MTDtemp_10000 39.000 39.375 9.000 117.000 5
fullSamp_5000 58.800 32.480 31.000 116.000 5
MTDheight_0.500 39.750 12.457 22.000 56.000 4
extDamp_5.0 21.200 8.400 11.000 33.000 5
extTime_500 40.600 32.364 12.000 103.000 5
fullSamp_10000 81.400 48.984 53.000 179.000 5
extFluc_2.0 33.000 0.000 33.000 33.000 1
MTDtemp_15000 27.600 13.032 13.000 52.000 5
MTDheight_1.00 46.800 39.443 20.000 124.000 5
colvarWidth_1.0 50.200 30.954 28.000 111.000 5
MTDwidth_0.7 33.800 15.510 11.000 55.000 5
MTDwidth_1.0 28.400 13.720 16.000 55.000 5
MTDwidth_1.5 40.400 16.895 15.000 67.000 5
colvarWidth_1.5 76.000 18.000 58.000 94.000 2
MTDwidth_2.0 38.800 13.452 14.000 49.000 5
MTDwidth_3.0 33.200 16.412 16.000 61.000 5
colvarWidth_2.0 52.000 12.356 40.000 69.000 3
MTDwidth_5.0 32.000 13.297 17.000 56.000 5
