extTime_50 67.667 33.330 37.000 114.000 3
extDamp_0.10 82.500 62.436 22.000 185.000 4
extTime_20 44.800 13.378 29.000 68.000 5
colvarWidth_0.01 81.800 17.589 53.000 103.000 5
extDamp_0.05 81.800 36.157 40.000 126.000 5
extFluc_0.01 122.000 43.058 83.000 182.000 3
extTime_10 71.250 41.919 31.000 137.000 4
fullSamp_50 42.500 11.147 25.000 54.000 4
MTDheight_0.005 68.500 25.362 33.000 94.000 4
MTDnewhill_500 58.000 5.831 52.000 67.000 5
MTDtemp_500 62.200 46.957 28.000 155.000 5
extFluc_0.05 68.000 29.880 29.000 113.000 5
MTDtemp_1000 56.800 12.480 40.000 76.000 5
fullSamp_100 80.000 15.796 53.000 93.000 4
MTDheight_0.010 79.333 60.141 30.000 164.000 3
MTDnewhill_700 58.000 23.091 31.000 96.000 5
colvarWidth_0.05 71.200 19.364 41.000 92.000 5
extDamp_0.20 109.333 63.189 20.000 156.000 3
extTime_30 62.200 33.731 38.000 127.000 5
extFluc_0.10 75.750 45.811 27.000 145.000 4
MTDtemp_1500 70.000 23.696 44.000 97.000 4
MTDheight_0.015 70.600 61.066 25.000 191.000 5
fullSamp_200 57.500 30.170 26.000 103.000 4
MTDnewhill_1000 47.250 17.239 29.000 75.000 4
colvarWidth_0.1 53.400 21.039 23.000 88.000 5
MTDtemp_2000 64.800 50.360 17.000 161.000 5
extDamp_0.30 50.600 29.042 21.000 92.000 5
extFluc_0.15 78.000 48.711 20.000 148.000 5
MTDheight_0.020 69.500 55.383 21.000 163.000 4
fullSamp_300 51.250 22.174 18.000 80.000 4
MTDnewhill_1500 31.000 15.313 11.000 54.000 4
colvarWidth_0.2 81.750 54.006 26.000 165.000 4
extTime_100 36.000 9.513 25.000 51.000 4
extDamp_0.50 25.000 6.964 18.000 35.000 4
MTDtemp_3000 78.750 66.927 23.000 191.000 4
extFluc_0.2 75.600 24.295 43.000 106.000 5
MTDheight_0.030 32.250 18.512 15.000 61.000 4
fullSamp_500 80.600 30.858 52.000 135.000 5
MTDnewhill_2000 80.500 21.777 53.000 113.000 4
extTime_150 41.500 23.922 16.000 80.000 4
extDamp_0.70 54.500 42.582 20.000 127.000 4
MTDtemp_4000 33.250 11.256 14.000 42.000 4
extFluc_0.3 57.250 25.898 22.000 90.000 4
fullSamp_1000 72.800 46.978 16.000 153.000 5
MTDheight_0.050 81.750 37.232 20.000 116.000 4
MTDnewhill_2500 84.250 37.097 22.000 118.000 4
colvarWidth_0.3 82.000 52.805 20.000 170.000 5
extTime_200 86.500 64.053 21.000 173.000 4
extFluc_0.5 64.750 18.390 47.000 91.000 4
MTDtemp_5000 90.400 38.370 23.000 140.000 5
extDamp_1.0 61.800 20.913 34.000 95.000 5
MTDheight_0.100 58.400 32.284 29.000 107.000 5
fullSamp_2000 74.600 48.591 27.000 161.000 5
MTDnewhill_3000 36.000 10.794 23.000 49.000 4
colvarWidth_0.5 88.750 47.913 38.000 154.000 4
extTime_250 56.500 12.500 44.000 69.000 2
extFluc_0.7 48.000 8.641 40.000 60.000 3
extDamp_1.5 70.250 42.139 27.000 133.000 4
MTDtemp_8000 31.500 6.185 24.000 39.000 4
fullSamp_3000 55.000 33.593 27.000 112.000 4
MTDheight_0.200 43.200 18.192 27.000 76.000 5
MTDwidth_0.3 180.000 0.000 180.000 180.000 1
colvarWidth_0.7 77.600 40.332 32.000 131.000 5
extTime_300 99.800 52.411 34.000 180.000 5
extDamp_2.0 64.600 29.770 31.000 106.000 5
MTDwidth_0.5 110.000 0.000 110.000 110.000 1
extFluc_1.0 92.500 39.500 53.000 132.000 2
MTDtemp_10000 57.000 9.899 44.000 68.000 3
fullSamp_5000 104.600 62.832 36.000 188.000 5
MTDheight_0.500 108.500 68.332 26.000 177.000 4
extDamp_5.0 80.200 51.724 18.000 173.000 5
extTime_500 62.800 40.147 20.000 118.000 5
fullSamp_10000 57.667 5.907 53.000 66.000 3
MTDtemp_15000 48.250 28.569 28.000 97.000 4
MTDheight_1.00 68.800 50.799 23.000 164.000 5
colvarWidth_1.0 115.500 53.840 54.000 196.000 4
MTDwidth_0.7 63.750 25.636 26.000 98.000 4
MTDwidth_1.0 82.750 34.128 35.000 118.000 4
MTDwidth_1.5 76.400 46.202 18.000 159.000 5
MTDwidth_2.0 88.600 35.228 51.000 135.000 5
MTDwidth_3.0 73.600 15.932 58.000 94.000 5
MTDwidth_5.0 35.400 16.475 17.000 66.000 5
