extTime_50 37.200 24.939 11.000 90.000 10
extDamp_0.10 32.900 19.086 10.000 71.000 10
extTime_20 60.600 48.644 10.000 190.000 10
colvarWidth_0.01 72.200 5.828 62.000 84.000 10
extDamp_0.05 32.667 11.126 22.000 56.000 9
extFluc_0.01 76.000 33.380 37.000 140.000 10
extTime_10 47.400 29.251 10.000 112.000 10
fullSamp_50 51.700 36.467 15.000 138.000 10
MTDheight_0.005 51.100 26.663 27.000 112.000 10
MTDnewhill_500 42.500 27.660 11.000 115.000 10
MTDtemp_500 31.000 19.970 12.000 81.000 10
extFluc_0.05 36.667 24.189 17.000 97.000 9
MTDtemp_1000 45.400 26.047 15.000 98.000 10
fullSamp_100 42.000 16.697 22.000 72.000 10
MTDheight_0.010 51.600 39.530 17.000 162.000 10
MTDnewhill_700 44.333 16.971 15.000 72.000 9
colvarWidth_0.05 40.700 36.579 14.000 147.000 10
extDamp_0.20 30.400 17.437 8.000 55.000 10
extTime_30 40.500 22.500 12.000 88.000 10
extFluc_0.10 26.700 20.890 10.000 84.000 10
MTDtemp_1500 34.800 16.720 19.000 66.000 10
MTDheight_0.015 37.100 12.763 25.000 66.000 10
fullSamp_200 45.400 26.956 22.000 117.000 10
MTDnewhill_1000 27.200 12.952 11.000 57.000 10
colvarWidth_0.1 44.800 26.305 13.000 95.000 10
MTDtemp_2000 39.900 41.450 12.000 158.000 10
extDamp_0.30 30.200 10.216 18.000 53.000 10
extFluc_0.15 49.800 46.277 15.000 154.000 10
MTDheight_0.020 37.500 31.687 14.000 123.000 10
fullSamp_300 30.500 11.509 13.000 52.000 10
MTDnewhill_1500 36.100 18.447 11.000 81.000 10
colvarWidth_0.2 36.400 16.936 21.000 78.000 10
extTime_100 46.300 49.846 11.000 185.000 10
extDamp_0.50 41.800 47.263 13.000 181.000 10
MTDtemp_3000 56.700 52.092 15.000 184.000 10
extFluc_0.2 33.400 17.699 12.000 73.000 10
MTDheight_0.030 33.300 38.286 13.000 147.000 10
fullSamp_500 29.400 14.001 12.000 55.000 10
MTDnewhill_2000 44.200 40.333 16.000 161.000 10
extTime_150 32.500 31.184 10.000 122.000 10
extDamp_0.70 25.900 8.384 9.000 38.000 10
MTDtemp_4000 45.800 21.871 13.000 92.000 10
extFluc_0.3 42.400 43.878 17.000 166.000 10
fullSamp_1000 49.100 32.076 14.000 126.000 10
MTDheight_0.050 38.900 21.356 12.000 77.000 10
MTDnewhill_2500 32.800 20.134 14.000 80.000 10
colvarWidth_0.3 40.400 27.771 15.000 116.000 10
extTime_200 44.200 37.389 11.000 138.000 10
extFluc_0.5 51.100 43.015 15.000 164.000 10
MTDtemp_5000 41.200 24.103 8.000 83.000 10
extDamp_1.0 52.800 45.159 22.000 180.000 10
MTDheight_0.100 36.400 22.033 13.000 93.000 10
fullSamp_2000 40.300 35.014 21.000 143.000 10
MTDnewhill_3000 37.900 38.195 12.000 146.000 10
colvarWidth_0.5 39.000 11.109 25.000 57.000 10
extTime_250 51.700 36.097 12.000 123.000 10
extFluc_0.7 52.000 24.759 33.000 116.000 10
extDamp_1.5 38.000 31.840 18.000 123.000 9
MTDtemp_8000 30.400 17.517 17.000 78.000 10
fullSamp_3000 41.900 17.167 25.000 85.000 10
MTDheight_0.200 33.400 17.385 11.000 74.000 10
MTDwidth_0.3 81.000 0.000 81.000 81.000 1
colvarWidth_0.7 41.200 20.429 22.000 85.000 10
extTime_300 42.400 28.629 9.000 100.000 10
extDamp_2.0 52.900 34.110 25.000 134.000 10
MTDwidth_0.5 103.833 54.318 19.000 174.000 6
extFluc_1.0 47.500 19.780 26.000 94.000 10
MTDtemp_10000 59.600 48.994 9.000 152.000 10
fullSamp_5000 63.900 32.654 31.000 124.000 10
MTDheight_0.500 36.111 17.233 16.000 71.000 9
extDamp_5.0 32.200 37.999 11.000 144.000 10
extTime_500 55.100 38.682 12.000 140.000 10
fullSamp_10000 65.500 37.144 46.000 176.000 10
extFluc_2.0 77.500 44.500 33.000 122.000 2
MTDtemp_15000 24.600 9.362 13.000 50.000 10
MTDheight_1.00 41.500 29.554 20.000 123.000 10
colvarWidth_1.0 42.000 25.183 15.000 111.000 10
MTDwidth_0.7 48.300 31.126 11.000 128.000 10
MTDwidth_1.0 27.000 12.798 14.000 55.000 10
MTDwidth_1.5 39.300 18.336 15.000 69.000 10
colvarWidth_1.5 49.286 25.488 20.000 95.000 7
MTDwidth_2.0 34.000 19.386 8.000 70.000 10
MTDwidth_3.0 41.100 17.096 17.000 67.000 10
colvarWidth_2.0 48.167 21.644 6.000 69.000 6
MTDwidth_5.0 59.800 43.497 17.000 171.000 10
