MTDheight_0.050 171.600 8.980 155.000 180.000 5
MTDnewhill_500 65.800 10.685 51.000 78.000 5
MTDnewhill_1000 92.600 5.571 87.000 103.000 5
MTDheight_0.200 68.600 21.924 46.000 106.000 5
MTDheight_0.100 111.000 31.273 81.000 170.000 5
MTDnewhill_1500 135.000 12.329 124.000 158.000 5
MTDheight_0.500 56.600 32.733 21.000 103.000 5
MTDnewhill_2000 160.200 5.564 156.000 171.000 5
MTDwidth_2.0 139.400 22.366 118.000 177.000 5
MTDheight_1.00 64.800 22.956 32.000 94.000 5
MTDwidth_3.0 100.000 12.570 85.000 122.000 5
MTDtemp_4000 161.000 6.000 155.000 167.000 2
MTDtemp_8000 102.200 10.962 88.000 118.000 5
MTDtemp_10000 98.600 8.114 89.000 109.000 5
MTDtemp_15000 95.000 9.899 81.000 109.000 5
MTDtemp_30000 88.600 12.043 77.000 111.000 5
