MTDtemp_1000 27.600 4.587 22.000 33.000 5
MTDheight_0.005 32.600 5.463 24.000 41.000 5
MTDnewhill_100 17.800 5.946 12.000 29.000 5
MTDtemp_500 29.000 5.215 21.000 35.000 5
MTDwidth_0.1 46.500 0.500 46.000 47.000 2
colvarWidth_0.01 54.800 7.756 47.000 69.000 5
extDamp_0.05 23.800 5.706 16.000 31.000 5
extFluc_0.01 43.400 14.136 28.000 68.000 5
extTime_10 24.400 5.389 19.000 34.000 5
fullSamp_50 44.800 12.528 24.000 57.000 5
MTDheight_0.010 30.400 3.262 24.000 33.000 5
extDamp_0.10 25.400 11.146 15.000 47.000 5
MTDwidth_0.2 18.667 3.859 15.000 24.000 3
extFluc_0.05 34.000 8.099 25.000 47.000 5
fullSamp_100 34.200 22.337 12.000 75.000 5
extTime_20 20.600 2.577 17.000 25.000 5
colvarWidth_0.05 50.600 8.958 36.000 61.000 5
MTDnewhill_200 18.200 4.874 12.000 26.000 5
MTDtemp_1500 27.600 9.562 14.000 39.000 5
extDamp_0.20 23.600 3.611 18.000 28.000 5
MTDwidth_0.3 39.200 25.686 7.000 71.000 5
MTDheight_0.015 25.800 1.939 23.000 29.000 5
extFluc_0.10 23.800 4.167 17.000 28.000 5
fullSamp_200 28.000 11.916 9.000 42.000 5
extTime_30 26.400 3.720 21.000 31.000 5
colvarWidth_0.1 36.400 7.088 24.000 44.000 5
MTDnewhill_300 21.800 3.311 18.000 27.000 5
MTDtemp_2000 26.200 5.946 15.000 32.000 5
extDamp_0.30 29.600 5.783 23.000 39.000 5
MTDwidth_0.5 31.200 9.887 15.000 41.000 5
extFluc_0.15 20.600 1.855 18.000 23.000 5
MTDheight_0.020 25.800 4.534 20.000 33.000 5
fullSamp_300 18.800 7.985 10.000 30.000 5
colvarWidth_0.2 25.000 5.865 18.000 34.000 5
extTime_50 25.800 4.792 20.000 31.000 5
MTDnewhill_500 22.000 6.000 15.000 33.000 5
MTDtemp_3000 24.400 3.826 20.000 29.000 5
extDamp_0.50 28.400 5.004 24.000 38.000 5
extFluc_0.2 27.400 7.392 16.000 37.000 5
MTDwidth_0.7 27.000 2.757 23.000 30.000 5
MTDheight_0.030 21.800 4.956 16.000 31.000 5
fullSamp_500 20.600 9.394 6.000 29.000 5
colvarWidth_0.3 24.000 5.933 17.000 33.000 5
extTime_100 24.200 2.482 21.000 28.000 5
MTDnewhill_700 23.200 5.600 18.000 31.000 5
MTDtemp_4000 30.200 5.036 22.000 35.000 5
extDamp_0.70 23.000 4.427 18.000 31.000 5
extFluc_0.3 27.000 8.602 16.000 41.000 5
MTDwidth_1.0 29.400 6.917 20.000 40.000 5
MTDheight_0.050 24.000 7.849 15.000 35.000 5
fullSamp_1000 16.400 7.088 9.000 28.000 5
colvarWidth_0.5 18.600 5.571 11.000 28.000 5
extTime_150 20.600 3.262 15.000 25.000 5
MTDnewhill_1000 23.000 4.940 17.000 28.000 5
MTDtemp_5000 24.600 3.072 22.000 30.000 5
extDamp_1.0 30.200 5.980 19.000 35.000 5
extFluc_0.5 26.200 4.707 19.000 33.000 5
MTDwidth_1.5 29.600 8.452 20.000 41.000 5
fullSamp_2000 18.800 4.490 15.000 27.000 5
colvarWidth_0.7 15.400 3.929 11.000 22.000 5
MTDheight_0.100 22.000 7.430 14.000 31.000 5
extTime_200 26.200 2.638 23.000 31.000 5
MTDnewhill_1500 28.000 2.191 25.000 31.000 5
MTDtemp_8000 28.400 3.007 24.000 33.000 5
extDamp_1.5 26.800 2.926 22.000 31.000 5
extFluc_0.7 25.600 4.224 20.000 33.000 5
MTDwidth_2.0 23.800 5.636 16.000 29.000 5
fullSamp_3000 20.200 2.400 16.000 23.000 5
colvarWidth_1.0 15.600 11.360 7.000 38.000 5
MTDheight_0.200 21.400 5.276 12.000 28.000 5
extTime_250 27.600 7.003 19.000 36.000 5
MTDnewhill_2000 27.600 5.783 21.000 35.000 5
MTDtemp_10000 23.400 7.228 15.000 33.000 5
extDamp_2.0 30.400 4.883 24.000 35.000 5
MTDwidth_3.0 21.800 4.792 13.000 26.000 5
extFluc_1.0 22.600 5.783 12.000 29.000 5
fullSamp_5000 25.800 9.239 12.000 36.000 5
colvarWidth_1.5 19.200 8.908 11.000 35.000 5
MTDheight_0.500 21.800 6.400 11.000 30.000 5
extTime_300 23.400 2.245 21.000 26.000 5
MTDnewhill_2500 29.000 5.621 19.000 36.000 5
extDamp_5.0 32.200 8.863 22.000 48.000 5
MTDtemp_15000 27.400 7.172 17.000 35.000 5
MTDwidth_5.0 22.800 5.564 16.000 33.000 5
extFluc_2.0 29.200 6.013 22.000 40.000 5
fullSamp_10000 39.800 3.655 36.000 45.000 5
colvarWidth_2.0 17.800 7.359 8.000 25.000 5
MTDheight_1.00 13.200 2.713 10.000 18.000 5
extTime_500 33.000 11.916 18.000 50.000 5
MTDnewhill_3000 32.800 13.014 10.000 50.000 5
