# Ketoprofen/POPC reference PMFs, symmetrized, bulk (|z|>=35 A) = 0, T = 310 K, kcal/mol
# Source: NAMD_keto/NAMD_keto/pspace_analysis_replicaSD/results/results.pkl (analyze.py, ESTIMATOR=median, ERRMODE=popsd)
# reference = long-time_4000_seed40 (~3.4 us, symmetrized); median = p-space median over the 80 stage-two runs (n=80)
# sd_repl = 1 SD over the 80 runs; sd_asym = asymmetry of the median; sd_total = band used in the old Figure 1 panel i
# z_A reference median sd_repl sd_asym sd_total
  -40.0000    -0.0861    -0.0163     0.0519     0.6382     0.6422
  -39.8000     0.1312     0.0493     0.0706     0.6462     0.6520
  -39.6000    -0.0012     0.0250     0.0272     0.6377     0.6403
  -39.4000    -0.0226     0.0022     0.0229     0.6400     0.6424
  -39.2000    -0.0116    -0.0029     0.0203     0.6389     0.6413
  -39.0000    -0.0108     0.0046     0.0202     0.6397     0.6420
  -38.8000    -0.0039    -0.0041     0.0190     0.6397     0.6420
  -38.6000    -0.0023     0.0019     0.0191     0.6406     0.6429
  -38.4000    -0.0012    -0.0107     0.0166     0.6398     0.6420
  -38.2000     0.0053    -0.0028     0.0178     0.6434     0.6456
  -38.0000    -0.0029    -0.0014     0.0156     0.6421     0.6443
  -37.8000    -0.0005    -0.0045     0.0162     0.6433     0.6455
  -37.6000    -0.0090    -0.0095     0.0153     0.6414     0.6436
  -37.4000    -0.0056    -0.0097     0.0176     0.6414     0.6437
  -37.2000    -0.0001    -0.0149     0.0146     0.6421     0.6442
  -37.0000    -0.0012    -0.0172     0.0156     0.6409     0.6431
  -36.8000     0.0001    -0.0106     0.0160     0.6430     0.6452
  -36.6000     0.0037     0.0001     0.0155     0.6428     0.6450
  -36.4000     0.0028     0.0001     0.0188     0.6431     0.6453
  -36.2000    -0.0007     0.0079     0.0173     0.6452     0.6475
  -36.0000    -0.0034     0.0072     0.0216     0.6427     0.6451
  -35.8000    -0.0027     0.0045     0.0199     0.6452     0.6475
  -35.6000     0.0103    -0.0036     0.0244     0.6450     0.6475
  -35.4000     0.0041     0.0008     0.0251     0.6445     0.6470
  -35.2000     0.0068    -0.0030     0.0279     0.6425     0.6451
  -35.0000     0.0014     0.0074     0.0293     0.6431     0.6458
  -34.8000    -0.0007     0.0048     0.0310     0.6412     0.6440
  -34.6000    -0.0017    -0.0074     0.0315     0.6406     0.6434
  -34.4000     0.0012    -0.0022     0.0330     0.6410     0.6438
  -34.2000     0.0069    -0.0179     0.0367     0.6394     0.6424
  -34.0000    -0.0013    -0.0214     0.0351     0.6401     0.6430
  -33.8000     0.0017    -0.0139     0.0396     0.6388     0.6420
  -33.6000    -0.0008    -0.0182     0.0383     0.6379     0.6410
  -33.4000    -0.0037    -0.0195     0.0385     0.6399     0.6430
  -33.2000     0.0049    -0.0326     0.0401     0.6390     0.6423
  -33.0000     0.0024    -0.0444     0.0415     0.6384     0.6417
  -32.8000     0.0091    -0.0432     0.0457     0.6374     0.6411
  -32.6000     0.0094    -0.0390     0.0442     0.6377     0.6412
  -32.4000     0.0037    -0.0403     0.0443     0.6382     0.6417
  -32.2000     0.0129    -0.0453     0.0444     0.6392     0.6428
  -32.0000     0.0048    -0.0533     0.0454     0.6377     0.6413
  -31.8000     0.0104    -0.0555     0.0470     0.6400     0.6437
  -31.6000     0.0122    -0.0609     0.0496     0.6395     0.6434
  -31.4000    -0.0036    -0.0647     0.0494     0.6374     0.6413
  -31.2000    -0.0010    -0.0596     0.0505     0.6389     0.6429
  -31.0000    -0.0032    -0.0584     0.0505     0.6382     0.6422
  -30.8000    -0.0009    -0.0546     0.0514     0.6373     0.6413
  -30.6000    -0.0094    -0.0480     0.0524     0.6381     0.6422
  -30.4000    -0.0057    -0.0362     0.0547     0.6366     0.6409
  -30.2000     0.0076    -0.0371     0.0571     0.6393     0.6438
  -30.0000     0.0064    -0.0399     0.0593     0.6382     0.6430
  -29.8000     0.0177    -0.0353     0.0597     0.6364     0.6412
  -29.6000     0.0149    -0.0291     0.0606     0.6351     0.6399
  -29.4000     0.0234    -0.0178     0.0623     0.6354     0.6404
  -29.2000     0.0229    -0.0116     0.0642     0.6319     0.6371
  -29.0000     0.0294    -0.0026     0.0633     0.6310     0.6362
  -28.8000     0.0395     0.0095     0.0652     0.6321     0.6374
  -28.6000     0.0392     0.0153     0.0662     0.6301     0.6355
  -28.4000     0.0535     0.0169     0.0666     0.6311     0.6365
  -28.2000     0.0609     0.0122     0.0681     0.6303     0.6359
  -28.0000     0.0775     0.0161     0.0692     0.6308     0.6365
  -27.8000     0.0902     0.0277     0.0723     0.6300     0.6361
  -27.6000     0.1120     0.0228     0.0758     0.6311     0.6376
  -27.4000     0.1286     0.0485     0.0777     0.6313     0.6380
  -27.2000     0.1483     0.0692     0.0811     0.6295     0.6366
  -27.0000     0.1700     0.0783     0.0839     0.6314     0.6388
  -26.8000     0.1815     0.1039     0.0847     0.6261     0.6337
  -26.6000     0.2060     0.1053     0.0874     0.6269     0.6349
  -26.4000     0.2163     0.1318     0.0896     0.6251     0.6334
  -26.2000     0.2416     0.1715     0.0939     0.6215     0.6304
  -26.0000     0.2584     0.1902     0.0972     0.6199     0.6294
  -25.8000     0.2912     0.2138     0.1022     0.6189     0.6292
  -25.6000     0.3175     0.2512     0.1060     0.6164     0.6273
  -25.4000     0.3525     0.2662     0.1106     0.6164     0.6281
  -25.2000     0.3804     0.2998     0.1152     0.6129     0.6255
  -25.0000     0.4074     0.3006     0.1203     0.6110     0.6245
  -24.8000     0.4492     0.3421     0.1254     0.6059     0.6205
  -24.6000     0.4748     0.3315     0.1322     0.6018     0.6179
  -24.4000     0.5127     0.3641     0.1355     0.5977     0.6146
  -24.2000     0.5461     0.3888     0.1431     0.5921     0.6108
  -24.0000     0.5789     0.4156     0.1478     0.5901     0.6100
  -23.8000     0.6072     0.4283     0.1532     0.5851     0.6065
  -23.6000     0.6295     0.4325     0.1604     0.5802     0.6035
  -23.4000     0.6460     0.4485     0.1669     0.5726     0.5980
  -23.2000     0.6641     0.4328     0.1770     0.5664     0.5949
  -23.0000     0.6624     0.4307     0.1861     0.5587     0.5904
  -22.8000     0.6442     0.4254     0.2008     0.5510     0.5878
  -22.6000     0.6285     0.4244     0.2154     0.5439     0.5864
  -22.4000     0.5922     0.4046     0.2286     0.5375     0.5853
  -22.2000     0.5397     0.3772     0.2421     0.5316     0.5853
  -22.0000     0.4877     0.3330     0.2541     0.5261     0.5854
  -21.8000     0.4263     0.2739     0.2684     0.5232     0.5891
  -21.6000     0.3405     0.2263     0.2822     0.5183     0.5911
  -21.4000     0.2725     0.1512     0.2955     0.5134     0.5933
  -21.2000     0.1913     0.0873     0.3067     0.5069     0.5933
  -21.0000     0.0908     0.0063     0.3189     0.5012     0.5948
  -20.8000     0.0017    -0.0739     0.3275     0.4993     0.5979
  -20.6000    -0.0970    -0.1572     0.3369     0.4937     0.5984
  -20.4000    -0.1911    -0.2505     0.3463     0.4929     0.6030
  -20.2000    -0.2963    -0.3404     0.3556     0.4908     0.6067
  -20.0000    -0.4045    -0.4355     0.3632     0.4873     0.6083
  -19.8000    -0.5071    -0.5332     0.3665     0.4851     0.6085
  -19.6000    -0.6140    -0.6569     0.3741     0.4809     0.6097
  -19.4000    -0.7136    -0.7681     0.3792     0.4777     0.6103
  -19.2000    -0.8227    -0.8746     0.3848     0.4740     0.6109
  -19.0000    -0.9315    -0.9534     0.3883     0.4693     0.6095
  -18.8000    -1.0436    -1.0627     0.3898     0.4674     0.6090
  -18.6000    -1.1508    -1.1529     0.3938     0.4655     0.6100
  -18.4000    -1.2558    -1.2676     0.3927     0.4622     0.6068
  -18.2000    -1.3679    -1.3631     0.3951     0.4602     0.6068
  -18.0000    -1.4706    -1.4745     0.3963     0.4560     0.6044
  -17.8000    -1.5787    -1.5813     0.3982     0.4572     0.6066
  -17.6000    -1.6848    -1.6792     0.3999     0.4575     0.6079
  -17.4000    -1.7862    -1.7806     0.4020     0.4527     0.6057
  -17.2000    -1.8927    -1.8842     0.4010     0.4522     0.6046
  -17.0000    -1.9941    -1.9784     0.4042     0.4488     0.6042
  -16.8000    -2.0926    -2.0726     0.4051     0.4457     0.6025
  -16.6000    -2.1920    -2.1680     0.4052     0.4449     0.6020
  -16.4000    -2.2888    -2.2542     0.4094     0.4447     0.6046
  -16.2000    -2.3802    -2.3521     0.4112     0.4428     0.6044
  -16.0000    -2.4666    -2.4367     0.4165     0.4407     0.6065
  -15.8000    -2.5541    -2.5235     0.4185     0.4418     0.6086
  -15.6000    -2.6423    -2.5881     0.4215     0.4422     0.6110
  -15.4000    -2.7318    -2.6623     0.4256     0.4411     0.6130
  -15.2000    -2.8072    -2.7381     0.4297     0.4412     0.6159
  -15.0000    -2.8910    -2.8166     0.4324     0.4427     0.6189
  -14.8000    -2.9705    -2.8781     0.4383     0.4435     0.6236
  -14.6000    -3.0349    -2.9393     0.4426     0.4431     0.6263
  -14.4000    -3.0985    -3.0004     0.4484     0.4436     0.6308
  -14.2000    -3.1670    -3.0624     0.4515     0.4448     0.6338
  -14.0000    -3.2159    -3.1242     0.4577     0.4450     0.6384
  -13.8000    -3.2587    -3.1593     0.4609     0.4445     0.6403
  -13.6000    -3.2951    -3.2083     0.4639     0.4435     0.6416
  -13.4000    -3.3393    -3.2542     0.4664     0.4427     0.6430
  -13.2000    -3.3688    -3.2881     0.4668     0.4416     0.6425
  -13.0000    -3.4035    -3.3312     0.4685     0.4392     0.6421
  -12.8000    -3.4446    -3.3639     0.4689     0.4375     0.6411
  -12.6000    -3.4724    -3.3913     0.4706     0.4322     0.6388
  -12.4000    -3.5006    -3.4116     0.4697     0.4298     0.6364
  -12.2000    -3.5274    -3.4408     0.4719     0.4272     0.6363
  -12.0000    -3.5537    -3.4559     0.4731     0.4211     0.6331
  -11.8000    -3.5555    -3.4661     0.4725     0.4177     0.6304
  -11.6000    -3.5659    -3.4703     0.4733     0.4150     0.6293
  -11.4000    -3.5678    -3.4725     0.4765     0.4116     0.6293
  -11.2000    -3.5547    -3.4653     0.4749     0.4081     0.6259
  -11.0000    -3.5571    -3.4618     0.4771     0.4050     0.6255
  -10.8000    -3.5405    -3.4442     0.4784     0.4052     0.6266
  -10.6000    -3.5259    -3.4293     0.4810     0.4018     0.6264
  -10.4000    -3.5098    -3.4062     0.4848     0.3976     0.6266
  -10.2000    -3.4751    -3.3802     0.4856     0.3958     0.6261
  -10.0000    -3.4445    -3.3523     0.4896     0.3885     0.6246
   -9.8000    -3.4068    -3.3092     0.4873     0.3871     0.6219
   -9.6000    -3.3712    -3.2784     0.4877     0.3831     0.6197
   -9.4000    -3.3294    -3.2310     0.4899     0.3785     0.6186
   -9.2000    -3.2879    -3.1804     0.4915     0.3773     0.6192
   -9.0000    -3.2425    -3.1229     0.4898     0.3723     0.6147
   -8.8000    -3.1988    -3.0766     0.4923     0.3706     0.6156
   -8.6000    -3.1500    -3.0336     0.4928     0.3684     0.6147
   -8.4000    -3.0951    -2.9678     0.4965     0.3645     0.6154
   -8.2000    -3.0404    -2.9044     0.5001     0.3625     0.6171
   -8.0000    -2.9857    -2.8385     0.5000     0.3605     0.6158
   -7.8000    -2.9095    -2.7582     0.5046     0.3555     0.6166
   -7.6000    -2.8560    -2.6796     0.5058     0.3514     0.6152
   -7.4000    -2.7669    -2.6048     0.5106     0.3496     0.6181
   -7.2000    -2.7141    -2.5174     0.5155     0.3455     0.6198
   -7.0000    -2.6337    -2.4334     0.5164     0.3419     0.6186
   -6.8000    -2.5605    -2.3389     0.5185     0.3385     0.6184
   -6.6000    -2.4741    -2.2521     0.5194     0.3329     0.6161
   -6.4000    -2.3834    -2.1502     0.5194     0.3290     0.6140
   -6.2000    -2.3024    -2.0533     0.5238     0.3221     0.6140
   -6.0000    -2.2038    -1.9610     0.5249     0.3178     0.6127
   -5.8000    -2.1220    -1.8736     0.5248     0.3144     0.6109
   -5.6000    -2.0237    -1.7840     0.5276     0.3106     0.6113
   -5.4000    -1.9163    -1.6969     0.5288     0.3118     0.6129
   -5.2000    -1.8260    -1.6082     0.5336     0.3058     0.6140
   -5.0000    -1.7339    -1.5187     0.5352     0.3000     0.6126
   -4.8000    -1.6320    -1.4316     0.5409     0.2937     0.6144
   -4.6000    -1.5332    -1.3268     0.5442     0.2874     0.6144
   -4.4000    -1.4564    -1.2369     0.5469     0.2798     0.6132
   -4.2000    -1.3520    -1.1345     0.5491     0.2738     0.6124
   -4.0000    -1.2688    -1.0488     0.5551     0.2652     0.6140
   -3.8000    -1.1744    -0.9776     0.5585     0.2566     0.6134
   -3.6000    -1.0984    -0.8957     0.5594     0.2472     0.6103
   -3.4000    -1.0235    -0.8346     0.5649     0.2374     0.6114
   -3.2000    -0.9413    -0.7534     0.5649     0.2284     0.6080
   -3.0000    -0.8790    -0.6861     0.5702     0.2164     0.6085
   -2.8000    -0.8205    -0.6305     0.5733     0.2025     0.6066
   -2.6000    -0.7685    -0.5715     0.5729     0.1901     0.6021
   -2.4000    -0.7123    -0.5116     0.5781     0.1740     0.6022
   -2.2000    -0.6868    -0.4567     0.5808     0.1635     0.6017
   -2.0000    -0.6402    -0.4026     0.5821     0.1463     0.5985
   -1.8000    -0.6136    -0.3698     0.5828     0.1375     0.5971
   -1.6000    -0.5799    -0.3112     0.5809     0.1229     0.5921
   -1.4000    -0.5497    -0.2998     0.5835     0.1077     0.5916
   -1.2000    -0.5428    -0.2660     0.5823     0.0964     0.5885
   -1.0000    -0.5148    -0.2382     0.5849     0.0831     0.5890
   -0.8000    -0.5132    -0.2278     0.5881     0.0678     0.5902
   -0.6000    -0.4946    -0.1844     0.5887     0.0540     0.5893
   -0.4000    -0.4915    -0.1790     0.5917     0.0395     0.5911
   -0.2000    -0.4882    -0.1712     0.5886     0.0212     0.5871
    0.0000    -0.4903    -0.1623     0.5885     0.0000     0.5866
    0.2000    -0.4882    -0.1712     0.5886     0.0212     0.5871
    0.4000    -0.4915    -0.1790     0.5917     0.0395     0.5911
    0.6000    -0.4946    -0.1844     0.5887     0.0540     0.5893
    0.8000    -0.5132    -0.2278     0.5881     0.0678     0.5902
    1.0000    -0.5148    -0.2382     0.5849     0.0831     0.5890
    1.2000    -0.5428    -0.2660     0.5823     0.0964     0.5885
    1.4000    -0.5497    -0.2998     0.5835     0.1077     0.5916
    1.6000    -0.5799    -0.3112     0.5809     0.1229     0.5921
    1.8000    -0.6136    -0.3698     0.5828     0.1375     0.5971
    2.0000    -0.6402    -0.4026     0.5821     0.1463     0.5985
    2.2000    -0.6868    -0.4567     0.5808     0.1635     0.6017
    2.4000    -0.7123    -0.5116     0.5781     0.1740     0.6022
    2.6000    -0.7685    -0.5715     0.5729     0.1901     0.6021
    2.8000    -0.8205    -0.6305     0.5733     0.2025     0.6066
    3.0000    -0.8790    -0.6861     0.5702     0.2164     0.6085
    3.2000    -0.9413    -0.7534     0.5649     0.2284     0.6080
    3.4000    -1.0235    -0.8346     0.5649     0.2374     0.6114
    3.6000    -1.0984    -0.8957     0.5594     0.2472     0.6103
    3.8000    -1.1744    -0.9776     0.5585     0.2566     0.6134
    4.0000    -1.2688    -1.0488     0.5551     0.2652     0.6140
    4.2000    -1.3520    -1.1345     0.5491     0.2738     0.6124
    4.4000    -1.4564    -1.2369     0.5469     0.2798     0.6132
    4.6000    -1.5332    -1.3268     0.5442     0.2874     0.6144
    4.8000    -1.6320    -1.4316     0.5409     0.2937     0.6144
    5.0000    -1.7339    -1.5187     0.5352     0.3000     0.6126
    5.2000    -1.8260    -1.6082     0.5336     0.3058     0.6140
    5.4000    -1.9163    -1.6969     0.5288     0.3118     0.6129
    5.6000    -2.0237    -1.7840     0.5276     0.3106     0.6113
    5.8000    -2.1220    -1.8736     0.5248     0.3144     0.6109
    6.0000    -2.2038    -1.9610     0.5249     0.3178     0.6127
    6.2000    -2.3024    -2.0533     0.5238     0.3221     0.6140
    6.4000    -2.3834    -2.1502     0.5194     0.3290     0.6140
    6.6000    -2.4741    -2.2521     0.5194     0.3329     0.6161
    6.8000    -2.5605    -2.3389     0.5185     0.3385     0.6184
    7.0000    -2.6337    -2.4334     0.5164     0.3419     0.6186
    7.2000    -2.7141    -2.5174     0.5155     0.3455     0.6198
    7.4000    -2.7669    -2.6048     0.5106     0.3496     0.6181
    7.6000    -2.8560    -2.6796     0.5058     0.3514     0.6152
    7.8000    -2.9095    -2.7582     0.5046     0.3555     0.6166
    8.0000    -2.9857    -2.8385     0.5000     0.3605     0.6158
    8.2000    -3.0404    -2.9044     0.5001     0.3625     0.6171
    8.4000    -3.0951    -2.9678     0.4965     0.3645     0.6154
    8.6000    -3.1500    -3.0336     0.4928     0.3684     0.6147
    8.8000    -3.1988    -3.0766     0.4923     0.3706     0.6156
    9.0000    -3.2425    -3.1229     0.4898     0.3723     0.6147
    9.2000    -3.2879    -3.1804     0.4915     0.3773     0.6192
    9.4000    -3.3294    -3.2310     0.4899     0.3785     0.6186
    9.6000    -3.3712    -3.2784     0.4877     0.3831     0.6197
    9.8000    -3.4068    -3.3092     0.4873     0.3871     0.6219
   10.0000    -3.4445    -3.3523     0.4896     0.3885     0.6246
   10.2000    -3.4751    -3.3802     0.4856     0.3958     0.6261
   10.4000    -3.5098    -3.4062     0.4848     0.3976     0.6266
   10.6000    -3.5259    -3.4293     0.4810     0.4018     0.6264
   10.8000    -3.5405    -3.4442     0.4784     0.4052     0.6266
   11.0000    -3.5571    -3.4618     0.4771     0.4050     0.6255
   11.2000    -3.5547    -3.4653     0.4749     0.4081     0.6259
   11.4000    -3.5678    -3.4725     0.4765     0.4116     0.6293
   11.6000    -3.5659    -3.4703     0.4733     0.4150     0.6293
   11.8000    -3.5555    -3.4661     0.4725     0.4177     0.6304
   12.0000    -3.5537    -3.4559     0.4731     0.4211     0.6331
   12.2000    -3.5274    -3.4408     0.4719     0.4272     0.6363
   12.4000    -3.5006    -3.4116     0.4697     0.4298     0.6364
   12.6000    -3.4724    -3.3913     0.4706     0.4322     0.6388
   12.8000    -3.4446    -3.3639     0.4689     0.4375     0.6411
   13.0000    -3.4035    -3.3312     0.4685     0.4392     0.6421
   13.2000    -3.3688    -3.2881     0.4668     0.4416     0.6425
   13.4000    -3.3393    -3.2542     0.4664     0.4427     0.6430
   13.6000    -3.2951    -3.2083     0.4639     0.4435     0.6416
   13.8000    -3.2587    -3.1593     0.4609     0.4445     0.6403
   14.0000    -3.2159    -3.1242     0.4577     0.4450     0.6384
   14.2000    -3.1670    -3.0624     0.4515     0.4448     0.6338
   14.4000    -3.0985    -3.0004     0.4484     0.4436     0.6308
   14.6000    -3.0349    -2.9393     0.4426     0.4431     0.6263
   14.8000    -2.9705    -2.8781     0.4383     0.4435     0.6236
   15.0000    -2.8910    -2.8166     0.4324     0.4427     0.6189
   15.2000    -2.8072    -2.7381     0.4297     0.4412     0.6159
   15.4000    -2.7318    -2.6623     0.4256     0.4411     0.6130
   15.6000    -2.6423    -2.5881     0.4215     0.4422     0.6110
   15.8000    -2.5541    -2.5235     0.4185     0.4418     0.6086
   16.0000    -2.4666    -2.4367     0.4165     0.4407     0.6065
   16.2000    -2.3802    -2.3521     0.4112     0.4428     0.6044
   16.4000    -2.2888    -2.2542     0.4094     0.4447     0.6046
   16.6000    -2.1920    -2.1680     0.4052     0.4449     0.6020
   16.8000    -2.0926    -2.0726     0.4051     0.4457     0.6025
   17.0000    -1.9941    -1.9784     0.4042     0.4488     0.6042
   17.2000    -1.8927    -1.8842     0.4010     0.4522     0.6046
   17.4000    -1.7862    -1.7806     0.4020     0.4527     0.6057
   17.6000    -1.6848    -1.6792     0.3999     0.4575     0.6079
   17.8000    -1.5787    -1.5813     0.3982     0.4572     0.6066
   18.0000    -1.4706    -1.4745     0.3963     0.4560     0.6044
   18.2000    -1.3679    -1.3631     0.3951     0.4602     0.6068
   18.4000    -1.2558    -1.2676     0.3927     0.4622     0.6068
   18.6000    -1.1508    -1.1529     0.3938     0.4655     0.6100
   18.8000    -1.0436    -1.0627     0.3898     0.4674     0.6090
   19.0000    -0.9315    -0.9534     0.3883     0.4693     0.6095
   19.2000    -0.8227    -0.8746     0.3848     0.4740     0.6109
   19.4000    -0.7136    -0.7681     0.3792     0.4777     0.6103
   19.6000    -0.6140    -0.6569     0.3741     0.4809     0.6097
   19.8000    -0.5071    -0.5332     0.3665     0.4851     0.6085
   20.0000    -0.4045    -0.4355     0.3632     0.4873     0.6083
   20.2000    -0.2963    -0.3404     0.3556     0.4908     0.6067
   20.4000    -0.1911    -0.2505     0.3463     0.4929     0.6030
   20.6000    -0.0970    -0.1572     0.3369     0.4937     0.5984
   20.8000     0.0017    -0.0739     0.3275     0.4993     0.5979
   21.0000     0.0908     0.0063     0.3189     0.5012     0.5948
   21.2000     0.1913     0.0873     0.3067     0.5069     0.5933
   21.4000     0.2725     0.1512     0.2955     0.5134     0.5933
   21.6000     0.3405     0.2263     0.2822     0.5183     0.5911
   21.8000     0.4263     0.2739     0.2684     0.5232     0.5891
   22.0000     0.4877     0.3330     0.2541     0.5261     0.5854
   22.2000     0.5397     0.3772     0.2421     0.5316     0.5853
   22.4000     0.5922     0.4046     0.2286     0.5375     0.5853
   22.6000     0.6285     0.4244     0.2154     0.5439     0.5864
   22.8000     0.6442     0.4254     0.2008     0.5510     0.5878
   23.0000     0.6624     0.4307     0.1861     0.5587     0.5904
   23.2000     0.6641     0.4328     0.1770     0.5664     0.5949
   23.4000     0.6460     0.4485     0.1669     0.5726     0.5980
   23.6000     0.6295     0.4325     0.1604     0.5802     0.6035
   23.8000     0.6072     0.4283     0.1532     0.5851     0.6065
   24.0000     0.5789     0.4156     0.1478     0.5901     0.6100
   24.2000     0.5461     0.3888     0.1431     0.5921     0.6108
   24.4000     0.5127     0.3641     0.1355     0.5977     0.6146
   24.6000     0.4748     0.3315     0.1322     0.6018     0.6179
   24.8000     0.4492     0.3421     0.1254     0.6059     0.6205
   25.0000     0.4074     0.3006     0.1203     0.6110     0.6245
   25.2000     0.3804     0.2998     0.1152     0.6129     0.6255
   25.4000     0.3525     0.2662     0.1106     0.6164     0.6281
   25.6000     0.3175     0.2512     0.1060     0.6164     0.6273
   25.8000     0.2912     0.2138     0.1022     0.6189     0.6292
   26.0000     0.2584     0.1902     0.0972     0.6199     0.6294
   26.2000     0.2416     0.1715     0.0939     0.6215     0.6304
   26.4000     0.2163     0.1318     0.0896     0.6251     0.6334
   26.6000     0.2060     0.1053     0.0874     0.6269     0.6349
   26.8000     0.1815     0.1039     0.0847     0.6261     0.6337
   27.0000     0.1700     0.0783     0.0839     0.6314     0.6388
   27.2000     0.1483     0.0692     0.0811     0.6295     0.6366
   27.4000     0.1286     0.0485     0.0777     0.6313     0.6380
   27.6000     0.1120     0.0228     0.0758     0.6311     0.6376
   27.8000     0.0902     0.0277     0.0723     0.6300     0.6361
   28.0000     0.0775     0.0161     0.0692     0.6308     0.6365
   28.2000     0.0609     0.0122     0.0681     0.6303     0.6359
   28.4000     0.0535     0.0169     0.0666     0.6311     0.6365
   28.6000     0.0392     0.0153     0.0662     0.6301     0.6355
   28.8000     0.0395     0.0095     0.0652     0.6321     0.6374
   29.0000     0.0294    -0.0026     0.0633     0.6310     0.6362
   29.2000     0.0229    -0.0116     0.0642     0.6319     0.6371
   29.4000     0.0234    -0.0178     0.0623     0.6354     0.6404
   29.6000     0.0149    -0.0291     0.0606     0.6351     0.6399
   29.8000     0.0177    -0.0353     0.0597     0.6364     0.6412
   30.0000     0.0064    -0.0399     0.0593     0.6382     0.6430
   30.2000     0.0076    -0.0371     0.0571     0.6393     0.6438
   30.4000    -0.0057    -0.0362     0.0547     0.6366     0.6409
   30.6000    -0.0094    -0.0480     0.0524     0.6381     0.6422
   30.8000    -0.0009    -0.0546     0.0514     0.6373     0.6413
   31.0000    -0.0032    -0.0584     0.0505     0.6382     0.6422
   31.2000    -0.0010    -0.0596     0.0505     0.6389     0.6429
   31.4000    -0.0036    -0.0647     0.0494     0.6374     0.6413
   31.6000     0.0122    -0.0609     0.0496     0.6395     0.6434
   31.8000     0.0104    -0.0555     0.0470     0.6400     0.6437
   32.0000     0.0048    -0.0533     0.0454     0.6377     0.6413
   32.2000     0.0129    -0.0453     0.0444     0.6392     0.6428
   32.4000     0.0037    -0.0403     0.0443     0.6382     0.6417
   32.6000     0.0094    -0.0390     0.0442     0.6377     0.6412
   32.8000     0.0091    -0.0432     0.0457     0.6374     0.6411
   33.0000     0.0024    -0.0444     0.0415     0.6384     0.6417
   33.2000     0.0049    -0.0326     0.0401     0.6390     0.6423
   33.4000    -0.0037    -0.0195     0.0385     0.6399     0.6430
   33.6000    -0.0008    -0.0182     0.0383     0.6379     0.6410
   33.8000     0.0017    -0.0139     0.0396     0.6388     0.6420
   34.0000    -0.0013    -0.0214     0.0351     0.6401     0.6430
   34.2000     0.0069    -0.0179     0.0367     0.6394     0.6424
   34.4000     0.0012    -0.0022     0.0330     0.6410     0.6438
   34.6000    -0.0017    -0.0074     0.0315     0.6406     0.6434
   34.8000    -0.0007     0.0048     0.0310     0.6412     0.6440
   35.0000     0.0014     0.0074     0.0293     0.6431     0.6458
   35.2000     0.0068    -0.0030     0.0279     0.6425     0.6451
   35.4000     0.0041     0.0008     0.0251     0.6445     0.6470
   35.6000     0.0103    -0.0036     0.0244     0.6450     0.6475
   35.8000    -0.0027     0.0045     0.0199     0.6452     0.6475
   36.0000    -0.0034     0.0072     0.0216     0.6427     0.6451
   36.2000    -0.0007     0.0079     0.0173     0.6452     0.6475
   36.4000     0.0028     0.0001     0.0188     0.6431     0.6453
   36.6000     0.0037     0.0001     0.0155     0.6428     0.6450
   36.8000     0.0001    -0.0106     0.0160     0.6430     0.6452
   37.0000    -0.0012    -0.0172     0.0156     0.6409     0.6431
   37.2000    -0.0001    -0.0149     0.0146     0.6421     0.6442
   37.4000    -0.0056    -0.0097     0.0176     0.6414     0.6437
   37.6000    -0.0090    -0.0095     0.0153     0.6414     0.6436
   37.8000    -0.0005    -0.0045     0.0162     0.6433     0.6455
   38.0000    -0.0029    -0.0014     0.0156     0.6421     0.6443
   38.2000     0.0053    -0.0028     0.0178     0.6434     0.6456
   38.4000    -0.0012    -0.0107     0.0166     0.6398     0.6420
   38.6000    -0.0023     0.0019     0.0191     0.6406     0.6429
   38.8000    -0.0039    -0.0041     0.0190     0.6397     0.6420
   39.0000    -0.0108     0.0046     0.0202     0.6397     0.6420
   39.2000    -0.0116    -0.0029     0.0203     0.6389     0.6413
   39.4000    -0.0226     0.0022     0.0229     0.6400     0.6424
   39.6000    -0.0012     0.0250     0.0272     0.6377     0.6403
   39.8000     0.1312     0.0493     0.0706     0.6462     0.6520
   40.0000    -0.0861    -0.0163     0.0519     0.6382     0.6422
