fullSamp_2000_extFluc_0.01 76.200 41.499 19.000 169.000 10
fullSamp_500_extFluc_2.0 120.500 44.522 67.000 176.000 4
fullSamp_500_extFluc_0.5 50.667 45.115 22.000 175.000 9
fullSamp_2000_extFluc_0.2 31.600 9.243 19.000 49.000 10
fullSamp_100_extFluc_0.5 50.667 22.490 29.000 102.000 9
fullSamp_5000_extFluc_0.01 80.600 28.921 43.000 131.000 10
fullSamp_100_extFluc_0.2 53.900 24.753 29.000 109.000 10
fullSamp_100_extFluc_0.01 71.900 35.470 45.000 171.000 10
fullSamp_500_extFluc_0.01 58.100 28.416 31.000 132.000 10
fullSamp_100_extFluc_2.0 101.800 24.293 69.000 141.000 5
fullSamp_500_extFluc_0.2 43.100 20.082 18.000 82.000 10
fullSamp_500_extFluc_0.10 38.100 20.231 11.000 82.000 10
fullSamp_2000_extFluc_0.10 54.300 51.439 20.000 194.000 10
fullSamp_2000_extFluc_0.5 33.400 15.207 21.000 75.000 10
fullSamp_100_extFluc_0.10 47.700 31.270 20.000 138.000 10
fullSamp_2000_extFluc_2.0 107.000 0.000 107.000 107.000 1
fullSamp_5000_extFluc_2.0 185.000 13.589 166.000 197.000 3
fullSamp_5000_extFluc_0.10 39.800 4.261 33.000 48.000 10
fullSamp_5000_extFluc_0.2 41.000 10.621 30.000 67.000 10
fullSamp_5000_extFluc_0.5 40.600 6.070 34.000 50.000 10
fullSamp_10000_extFluc_0.10 59.000 12.337 44.000 91.000 10
fullSamp_10000_extFluc_0.5 60.333 14.314 51.000 94.000 9
fullSamp_10000_extFluc_0.01 83.700 16.475 56.000 108.000 10
fullSamp_10000_extFluc_0.2 55.200 7.096 48.000 72.000 10
fullSamp_10000_extFluc_2.0 136.000 50.000 86.000 186.000 2
