MTDheight_0.005 88.000 11.498 71.000 115.000 10
MTDnewhill_500 48.200 34.444 24.000 119.000 10
colvarWidth_0.01 150.111 13.237 133.000 179.000 9
extDamp_0.05 54.000 38.833 28.000 162.000 10
MTDtemp_500 36.100 23.914 12.000 81.000 10
extFluc_0.01 81.300 36.557 36.000 150.000 10
extTime_10 63.400 35.978 32.000 153.000 10
MTDnewhill_700 37.000 8.390 25.000 56.000 10
extDamp_0.10 52.900 32.008 32.000 134.000 10
extFluc_0.05 56.400 29.584 32.000 136.000 10
MTDtemp_1000 39.700 32.339 10.000 125.000 10
extTime_20 39.900 13.953 23.000 67.000 10
colvarWidth_0.05 86.400 38.396 56.000 158.000 10
MTDheight_0.010 76.800 10.216 65.000 100.000 10
MTDnewhill_1000 38.000 9.011 28.000 59.000 10
extFluc_0.10 41.600 12.052 27.000 74.000 10
extDamp_0.20 59.111 22.849 31.000 103.000 9
extTime_30 59.600 24.336 30.000 119.000 10
MTDtemp_1500 36.400 21.694 12.000 88.000 10
colvarWidth_0.1 34.375 7.905 17.000 46.000 8
MTDheight_0.015 64.444 4.669 54.000 71.000 9
MTDnewhill_1500 46.300 14.325 36.000 86.000 10
extFluc_0.15 56.000 23.074 33.000 108.000 10
extDamp_0.30 51.800 27.531 34.000 128.000 10
extTime_50 43.000 12.239 29.000 70.000 10
MTDtemp_2000 38.300 11.332 23.000 60.000 10
colvarWidth_0.2 56.300 53.311 20.000 181.000 10
MTDheight_0.020 64.200 9.745 50.000 81.000 10
MTDnewhill_2000 50.222 8.107 39.000 68.000 9
extFluc_0.2 44.400 12.443 29.000 75.000 10
extTime_100 46.300 11.358 31.000 69.000 10
extDamp_0.50 50.444 24.676 32.000 112.000 9
MTDtemp_3000 35.000 22.468 12.000 88.000 10
colvarWidth_0.3 28.500 8.766 18.000 45.000 10
MTDwidth_0.5 106.500 42.051 50.000 165.000 6
MTDnewhill_2500 50.600 6.468 39.000 63.000 10
extFluc_0.3 38.800 8.352 28.000 58.000 10
extTime_150 42.100 9.534 29.000 54.000 10
extDamp_0.70 41.900 14.411 31.000 82.000 10
MTDheight_0.030 63.400 21.030 44.000 118.000 10
MTDtemp_4000 26.300 7.457 15.000 39.000 10
colvarWidth_0.5 27.400 14.298 14.000 58.000 10
MTDnewhill_3000 61.800 21.697 47.000 120.000 10
extFluc_0.5 42.700 13.409 29.000 80.000 10
extTime_200 36.800 5.455 31.000 48.000 10
extDamp_1.0 52.200 34.891 29.000 151.000 10
MTDtemp_5000 41.800 29.205 19.000 124.000 10
MTDheight_0.050 53.500 15.958 41.000 88.000 10
colvarWidth_0.7 45.400 33.527 16.000 124.000 10
extTime_250 39.400 6.248 29.000 51.000 10
extFluc_0.7 57.100 19.018 39.000 93.000 10
extDamp_1.5 53.200 37.024 33.000 162.000 10
MTDwidth_0.7 82.400 34.153 36.000 148.000 10
MTDtemp_8000 41.100 34.769 6.000 129.000 10
MTDheight_0.100 46.600 20.470 30.000 99.000 10
colvarWidth_1.0 58.889 41.493 14.000 147.000 9
MTDwidth_1.0 53.500 10.171 39.000 71.000 10
MTDheight_0.200 38.800 12.007 27.000 66.000 10
extTime_300 51.300 24.507 29.000 114.000 10
extDamp_2.0 39.700 6.619 32.000 57.000 10
MTDwidth_1.5 58.100 39.134 40.000 175.000 10
extFluc_1.0 76.900 33.116 41.000 159.000 10
MTDtemp_10000 34.900 18.646 11.000 77.000 10
extTime_500 45.700 11.296 32.000 68.000 10
extDamp_5.0 41.700 8.415 32.000 58.000 10
MTDwidth_2.0 51.000 8.367 38.000 68.000 9
extFluc_2.0 114.500 23.500 91.000 138.000 2
MTDtemp_15000 54.800 41.446 12.000 159.000 10
MTDheight_0.500 34.300 15.723 20.000 65.000 10
MTDwidth_3.0 55.900 33.821 31.000 150.000 10
MTDheight_1.00 35.200 14.176 19.000 61.000 10
MTDwidth_5.0 46.200 14.979 31.000 76.000 10
colvarWidth_1.5 33.000 15.427 10.000 61.000 6
colvarWidth_2.0 47.250 12.275 34.000 66.000 4
fullSamp_100 42.000 16.953 22.000 73.000 10
fullSamp_10000 65.500 37.479 46.000 177.000 10
fullSamp_1000 49.200 31.849 14.000 125.000 10
fullSamp_2000 39.900 34.501 21.000 141.000 10
fullSamp_200 45.600 26.819 23.000 117.000 10
fullSamp_3000 41.800 17.157 25.000 85.000 10
fullSamp_300 30.500 11.509 13.000 52.000 10
fullSamp_5000 63.700 32.416 31.000 123.000 10
fullSamp_500 29.400 13.735 12.000 54.000 10
fullSamp_50 51.700 36.458 15.000 138.000 10
