fullSamp_10000_extFluc_0.01 51.500 20.800 25.000 86.000 10
fullSamp_10000_extFluc_0.10 35.800 4.190 28.000 41.000 10
fullSamp_10000_extFluc_0.2 31.000 3.768 25.000 38.000 10
fullSamp_10000_extFluc_0.5 30.800 5.980 23.000 42.000 10
fullSamp_10000_extFluc_2.0 35.700 7.537 22.000 50.000 10
fullSamp_100_extFluc_0.01 50.700 21.289 19.000 92.000 10
fullSamp_100_extFluc_0.10 24.800 14.344 10.000 53.000 10
fullSamp_100_extFluc_0.2 23.200 8.447 10.000 37.000 10
fullSamp_100_extFluc_0.5 32.000 11.764 12.000 58.000 10
fullSamp_100_extFluc_2.0 33.000 11.054 17.000 52.000 10
fullSamp_2000_extFluc_0.01 37.800 14.648 17.000 69.000 10
fullSamp_2000_extFluc_0.10 15.600 5.607 9.000 27.000 10
fullSamp_2000_extFluc_0.2 15.000 7.169 9.000 29.000 10
fullSamp_2000_extFluc_0.5 21.200 9.786 12.000 46.000 10
fullSamp_2000_extFluc_2.0 23.700 6.768 11.000 37.000 10
fullSamp_5000_extFluc_0.01 56.700 13.558 38.000 82.000 10
fullSamp_5000_extFluc_0.10 27.600 5.024 18.000 35.000 10
fullSamp_5000_extFluc_0.2 21.900 5.647 12.000 29.000 10
fullSamp_5000_extFluc_0.5 20.700 4.518 11.000 26.000 10
fullSamp_5000_extFluc_2.0 34.400 19.546 21.000 91.000 10
fullSamp_500_extFluc_0.01 45.700 18.117 16.000 78.000 10
fullSamp_500_extFluc_0.10 19.500 7.325 9.000 31.000 10
fullSamp_500_extFluc_0.2 27.100 7.106 12.000 37.000 10
fullSamp_500_extFluc_0.5 21.200 7.222 11.000 32.000 10
fullSamp_500_extFluc_2.0 31.700 10.817 11.000 46.000 10
